$ANSIBLE_VAULT;1.1;AES256
65326332666230653732653465376538386136323361643266333134623431663339306131363163
3832363264373363646439623538666437363730333462330a356632626234653066653739373463
66373438663634313732393062363834303734363035643963656232333436356663323837343832
3634366533353236300a363662343665306433343731653066303436636632323062396361393162
38653761666631396462383763653136326535623131643838636332373432646362383161376130
33346266663735353932613538363730306362656432643236386134303234633465346437316337
38333739393831393330666266346132393937373763383166613462656364353661323764383965
30636231663638306135656634336464383834376232383236393939366363323136643638653664
37303565643830326632666464643731363533613630386238613535346137303037636131333935
33643435323761666138353236633863636435663534323134653832363737646130616539373237
37623035343938316430333963393065633839363665313466623639363238613038393830653163
33383935363333343333616433313666366461396430383639303563343132356338303234626536
66333064333533336632393535633765613966346334343662633136303734666434613462386166
38646461623838356561666162323961353364356230623163373331363437393532383662393833
66373838613464383966366163373033616662336532323334353433383038366334656431333865
62613832653333346134346338336235336664356665663336653937323865663236663633656333
63303031376630313038613464623936306666633038653431623737346163636163633765316538
36336136356337343433616339363338316535336335623139623634323637383534336165303366
39353963373831616232653836313066343732343865383938366537303364313732383337323562
32366138376439346162333236633031356635353265363534366639643339633237663732663461
32626539663330613966663762353961613030616166636464613861323538663864663464373637
32633833376234666436343532306632313730626264613433353134383338613166353064656130
61356239306264373034366231366535376266663535626538393235366133306364663434396166
30306131376135326562663232363138363330383133646461303936336439376535316433316237
37376562383432656539383834666436636263616435313335303035653463633236313034383464
36663436303434356662623234623737313231623331623130306264666334323236353339373465
34313834356435653766363535656239653635303537623436303437646132643132623830303661
66633266616431636466633337613761376462343061393737636163343261613834666164633962
62383632346134343437396133613064376435366632636161366634336136333730353431386139
33343738373939353161343832646232316462613738353835303930386132626138353735616134
37306661666561626161366533643766376235356166376139366162366163616636373338383361
61663731656231623565363965613133636331616566393064343335333937643834316634343961
66343634343931363265656538313466333230343861613363663163666137623363343231303262
61326461633034653663356661663864613335623366393361626262653938653534333338396431
62326335313538666439353861326331386333363737326336336333633163343930623962636364
38653234386139323233393030646233663134383139356430316234633362323133336661663736
61666433666233323865653633353535333862326333373263343536633633356165623231396463
35646333333632626134356564613761656137613963383131386334376137643336346165323865
63383439633938313733643934393264396536353665643736333131333031373061333535353136
37326234646662303534666561613438333662643038323539313337363139663165613665373866
36343866336266646630343262346236346531646130633766396363623964323739346262636262
64343961383434363864663337373731356333306432383333313961343430336131316464303231
30616533663863323439626439356134316364316463363664303363623863666463383866396634
32663433356633336131363163663763366562363033653336323263653735323066653763653164
35653138396134353164303536343864613631356265396331653436326532396266313865623332
65396637663466323636336663393261393434623837306338336665366632363163653037356630
32336662386162353764373864313336353262656632653536343839353866343364353763316439
34643337623236306539323734336431363530363061373038643462653664666236343931633562
63333433623138643932636632376133343964386564653432343933663434356563343565633363
36643938653537343230643233653662646637373837336430653964666265313164656365366161
62303239313534373337343666636237313436653037373861626265613664636530353962616262
35373230326461313832633038653736386337353130356463363762353236306563613463626639
33396463386333323034323331376435383631643362653436396664306439386637336233616466
36393039653634633066333033386230636330313638646336343933313131646663643135616132
66643430373430646265396131303832353464623332383036646537636534303637633366353737
34333239653230653039393130323334613232633034656535626161313636376265666363376666
30643165383231636631363235376637653336343933396537393136313939393836323132373938
65313530343039653933666334363664336236343438396665333835333961303035346562616336
31393639366439373862313862306339616633356564336232316139323438343132356132616630
34646436333335633365663731343733613636346635663839663966653366373830643437343264
63613262663838303933653762653630343930316431616666656633346362613739336664663830
61363739623035336439373935666664316463643339616564336337346432363632336262343630
33623736653736633165633866393936313966313631303963366139633664333931343662636138
36333335336637643937303138386366663231353731613237313833393235353261343063623065
32393131343238333335393466613763356462376433393232393362313231613733646461643130
64616631343237303235613334373263363865633232353166396531303665313034613831343737
66396437336664326261323634633334373434666138333362353139646234363366326134656465
39666461363662343963613162376139633438306230303934616461306561386466393961663338
37383864363039646230373236353933313266396439313363636230326563383335656434636236
39303532653566656636323964346266613331326566363934316262663865326231663630386234
65313638643430346334343965373831633435303035343961363963306531373462346539393536
30343862633738303237633531303933356666633763613530336538373432643435356165366333
35333332333834653331396466373137633634326363346438393633353065643266616334396364
34373733366261616262306666626565396662333361356435343665346535643236323162333835
36633364623866336364313135343537623561303233356339303563616663643266636338643665
35666338343637313666663335633738633238633833393830333836323462306137333338353536
34626238313030306535656134616332623931343265323366343864323762343638353933653863
62656636626337356364376532313339303631646136323932616561336237336661323433376562
37623161346238303430653530343766666662643165643363376464373431653061633838656661
32326136626437333934623839366566386666323230343236333563386530613735353538376138
34306235616535336365616430303830356438343738613665396463383633343637643461343465
35393231373462303961346538346531306134666566313231343438666339623938656336313130
62343034623233356366356162333438663932323564653738653230363865653762336266646236
62313530373838633633313162663334346531356462376638363666373534613135653439303239
32633764313862633736626636313930613231373537343966366538343663663231386563383934
32383562373435333433666636333535346335386432386535393261373133383136316362623036
61313661346663613937383730636564386138333433393332316262333335323238313932643036
61396464376539396434386263333964366439613132376561386337633730616164656431303066
63366161336635353136383030353931393034306464323165626339326566643863613435636331
61663762663339323939626532393339633334333764646138366366353261623662613566643539
38393039323337633763363031343464343837396361353435303562336161623433323733376639
34636561303635366636393766383837303633623464393061333239373865363664633236383632
64393764306430306230623262303335636633343237653531353163623238306631623239363965
38386465633665646336636534333138623237633837386462353632316330383935366635333430
34316361613663346164633362353233356239636161636237366234326633396631626535326434
62663536356539333536336334376262643066316638303337316238646334653035646431623361
33333137626166373838613931653932313131613366323731363664356530616165386536346533
35373136353864313362386361353531333636663436393461393035393466646631306263323662
66313264343362613037636161303035663436343561636338653230643433326338383634346536
35643833323166616331613863643264336662373864343764386535326163613135383365353332
32386535616461636139366331306664303837313063373130363537386563376530633134383235
65643336313231376163373164363239313232323764393133376563386536616537343836663735
62336564386531626531323539316139656534623438353134633966376262643930363832386461
31313264326635663562333335633566383765623730666637626435306438623537613030386337
34346336663739313238633232616430353238666262353661666164616438653137353565353736
62613538646661323038333061356566663064336437373466626566323038643662353966333133
65626234366463373461633333643339643038306366646332376431663135646633343237626538
38326338376661333165333763373537613461383363653332636234633266616631323363333731
66356533666334303533653762313439613934653563653335326264366339656339303162646161
34376563663936336363316439303634636366353366613831663462613861363935316639343166
31376130393439366234313239353762303530353833653364396364623735623265316166643766
30303264613864626338316465396134383966316430373762323637323466643235353765313839
38306262343832643363376136373631366434616132643663393662663234383432363530643534
30346161373437336137346165366235323937343533393735623634333239366532366565323064
30353935666261376333646631333031393233623837636634313264366663353761323564346230
39333638313637343436633865636139363134303461366138643635396432613266613134653338
31613633313937386464613533333731393134366464343839656531336534336434303463653061
39396662613330643139623936623637633032393633626438653263366466353039316633323232
38616132366139343434343561396133633137333266306364336439643034326664373739663366
65383366636666656465653766376337636337323261643366626335303833666665373035313535
62633033343463363039646334663666636665396266616363306265386161353737376332363635
65663432383933653163633134386430383638656436323139346364383439316532363236356530
62313135303136623463616561386238633539653033623930646565653131336332636632386336
35633362373064393561656666373166376237393462303533363964356530366563376362656664
35346239313438343539323866306637616431313536383664613333373937323935323933643333
31626362353437313261326164616165383963646638356434313164313662666534313137336437
65303939393164383965386431386435613262346663316362303865373564336562636639366336
65366136623735333261363166386538653666303730343536376631616366393135656431326334
33313038666461653438383561616363633535643237613763326139363430346331306433356235
61383236343163303136623035383732663135396632626663363830633435376534653332643931
63356166376261613031343931346662643839336134313833623063636465373733373265306366
61353736366632653961333932306338356436393133363963333033393365366565333531643063
38343635636363666334613735316666623336313531343933333630633234653639306262336338
34653334643533303834656464303466653237666638326639656161616338366337623736616139
32366538356134336432366437343339613731616563613030626366656432323132396539373166
64323638366130383166316666663333363332373631363238393634626235663436393330323439
30326161616530653732356139356232316262306365373035373835643062336164653936343239
31626133373662646331633063376639616639393538323034333037626232633432626438343832
33323738336636313561633661663563613561613537353533653130666534356430633434316335
64313163353936306136373436653361346563616263666563363133653536623663663664316431
35346337326366613665663861386631323432333262343362393030623239666234356464333535
32646536313439376239383236373734373038383965313239616163613337313466393534653262
31393362323264366430306263336236613932353964356463663332373936363664646165366139
39656366303936626265653534346533386362376263323230303933656239333539356665333232
64653936386364383662626637353734646639323739383963643033323134613134653666383531
30396165646634363963646130613437653764636537396534326533306639333037633033646337
62633963376635616432623032326530383639383562306464333366663261313330636537653863
31613631343931313834396638353039613866666535653831643431363931633663663164383337
39633862383432313061393537323431343532616330666566353831323062616438383737383062
36396266353435653962626537393664316138636137333439646533653334386238626632303836
35636566646638316230643565363563646163326265333265623335653966343830646330306337
31616464306635663637353931346563366465646536663635303563326161336439613932313530
33383335643733636430663166386638356233626164653261313331316630383336623639633332
64663264643134323432646464313163303831643038353936343962613764623365636538363832
38656438363033316634386636333564343166326130633865326465643437333661306465656333
62316338656434353362313930333765343538643564373835323363393132356231643737633564
34663063346265633433393239383861646132326165323337396263333933303365326466623830
62336563623666663065663561343532336533356236336533386538303964353639363535376662
34623133633064383534336661346437613933646230336433306539663837356166346531623832
37363939346164316536616130366336633266356663376261383565646236666665633365613431
31353930333033316463656466626332636437363431373030643231343030656638613562333264
62613264386363336166653139343931643434353061396464343437316238323635363739316639
39633063376238343064313836383765316635643839666637326331393032383964393064356564
63303966383161656464316261303431666230323363346264633134366431613764376134383437
66366562623762663661353931663838313032366563353035373061653562393564336165386261
33363734666162646537373831303532356362376239383338636533343433356436353038623464
31323334363739396131336463653034383833666536383236383663643931623063393431653535
66333736303662613537663234333631303530653039363962643030643735636562626639386637
38363539633436396662393565353165356132303264356633643965353139346462366562396430
31356263653030383537393861383866376435366362646134646533366238623032303831313462
36623838353637643165393938633134656165363930303030313263363466653130643232326365
65343238363035393431386338653037373633393239653134363332343334613261643535383566
33393164356336663033393832323836376532363664646263363436396364373536363565353261
3539393337373934383537386630623135326538343464643432
