$ANSIBLE_VAULT;1.1;AES256
37356335323963366161663132316131623835343531353135333930373464613835396333313261
3936316231623938633666373632383466346439393163300a303632393232646465336632303534
61653765306434663662636664393537653430306562623433643964363730353037346239383535
3966323036663365380a316139393530356465623638363031326163616264623666383764356236
33633136623937633932633134363532346531636432393061373835343562313839373166623164
62653932393161616534653137363064383363666261363533343331393438363933306162666532
32636231373331323530323633653634383062323533643664386338323937363338323239366663
34633162336439666133656265646132386161393638353235656131396237323738613663663634
34306561653132396234396138653730356464353432636232383530623531393531393836383763
35323734326637383031636538633834363636313366303966326363343864383164353562353337
33376438656561326235613638336531613535393334373830346436663734643632323266646237
65373663306138633663613337356639383636373135653363323264663661376565336662303436
64333264386638343835356565653964633063343435353361613961623763616338316366616264
66303732636431366134323738343037663866303237656462636563663566616136393533373266
35356166636639363439366137316561396234393361396636356639626165653164363238373233
39303130343839373132343435353736356133613664653239646133336535306465646636346665
31373337323237383730643364633230633333663938363762386537653530643066306432373038
64303862393834616264303866383866306438313530383339353934383238636133353533366163
38653061373235633738346462346637356339346139653733323063643530646362663737373562
33623264313535623338623565333033356164663231636464353761346531366561353162313665
63386134353038383565646537366165376663323362343762633730633538393830386162626539
34396237613937373732353238313861383165636635623162613866646238313535343266313434
39363733373064396165356636363365643366366266633530313330376266396263366262373562
34653936333135643263373164353632393265343766666435623030336138653230663865333438
38326664333631323865353562646364663963313738373330633238613436623435613835366665
30373032636136306561313534373432613066646230343633313963343166313834633863326638
66356430386333323762373035613830376463323064636263353231396639316635333230396530
33373337343737323261653730666236653131373631363430636330373866383032623236626332
62623666663635663065343962623938633666383761306535653462333564613765333837323034
62366264626166336534376166623634376139653437346536376637386136633234633064326432
65376636383061326565666136663833353434633038653338386362313161323132333766616663
39653662383965346662346534366432663132643663363139333434346163653237623732633166
31303631343865383163303934653866376538343132663062636633316561376661366231303238
39623664386533633561373162353236303134656236613833323139376666323762613261386165
32333665333434633263623635643137383335616666666336363332373465613764303835386537
30633134653534303961366161333337353364343563343166343734383639363536303761646534
33373637613566383836663838353632303234666664383335343437643863663061383230313337
37333861393964326433343463623737656633646664613230613230366535643230663761396461
63616136313666366339636237303038376139376265373534626364303861363332313431303238
32356635396362636238633834336464306435383366656635393566616462326661636138633966
32303536346633316236363839616461626464316366666131316362363631653063383236646361
64376230316162333239623531323766396434643130653234306439666436303735363565616438
36623031626337343830323864346663363738336533626134323632333035393363373161383631
31353864306439366635313035356263366433326132313863316434313962383234616164656432
66346138303962323231656335616239623637633732376265323136636335343832663138643436
30396463623030333462363035366539333830303531353262363836356233353635313233646264
30613062316264376661336632363562343764656434306539346633663365663131383237373066
33373832366365313738343237313338326239343731626636643663623931363563326438656665
35323938653131356631336336666635373731623334623739623134316235663736656366393161
36626635626163633033396164353762363130373333336363663463616134333537613564306130
62366134633630333636653339613831303665633533393466653064626439323136336535386265
31626264613066356533393436663731316631393137656630346536333433343762663839383134
30366265616531636365323633666338306563616632373965633238336632356362646233356335
32363562306236626532626562343562616639396566626464306635376466313933323136303738
35316437636432646538393531386461393635633536656338633535383436616337353262386663
62636361623466633963643232326366343630653565616265373236613530656432613739626536
31313764343061613464646436363832383563396636613666393464656636636662346438376239
63633830636361323761643539363364346637393832613062663261333538396264386539383030
64316631636337633632333935363666376138353265626633633732323262656331373131356262
64626632643830303661396235323935386438323064316334313661663931663033313734616230
66633133356664373334653861316631636363646539663662306362366633366332386333626534
36383534346533383131633235343765643163636539323830383235653133373931326537626636
62373566303966343535373562336361393136356530363738343466396566376461373735653665
38376137313830323761306561326634326364613362636133356138326237356235653739636161
65373933313561393736343031376463343835333731393965303335386164383633353862616132
64373935663166383333316161343862653662633730336636386665663366313361663363363262
34636161373039663032653366653836623263333036366161653762646431323837356462383638
32396365396338636130373537366331326531393335383262323463386338396364666232626334
38663739633161616362306531386430623433366135663436613534306464623738333234633031
38633436393633623965666639623136663862323431353337386635396434383131343136303761
64336461653730323230626332353264643039323864613839633232623431353830373162306564
36623861653432363665643837393432663333613265323933303565366638613364656264626436
61643362386565323465333832623034306632653264313439303133376538663532326564656161
36623433626465303934643764343939363466653966653938313830626266383732373562346335
39623333623936646639356463396661626564383064373761326231333766616265303133623965
61623336353236313039666366643064616162396134326234623736323461306430326637666261
33633037333732623737393231626431356130303235383435616436353564306666363530393838
66333964333835393738346361366661663432333265616264393538313165663239663531393662
64333536633331373932663631383038306364373036363132313338633664373065333062373235
65303037366235626338663535643766356366386431383339363430613134316662656330626463
38313838353734653062636330643839363830343636643632383063663637633764323663383661
34663238363264393566323461386664303639616232303461663639303861653162326662663563
38383666336135373464363961393936396230353134383462653035333362333463376364346330
39653338363639663535646632303263653137616537303538643434396631373132373536383161
61353634633165666135333132313832316538633334356438313330663465306235343335303062
61363037653265663362656266656236666631333763313935393532343731303537343932343365
36343063363338623237393634376462666462666337346562306638333437616663396337666137
38626638343832643961353864323166643530356439306166643061333664373438373565303861
34336337623362613163636133316437313261346333373263373736663663326131373631656465
39396233643463303231303665303662333131393161343439643365323037326135363266333239
30386163666664323465643330303466346264646137326532653464643265653463393938326638
30373135613262366431326563353164636363373232333037616239303230313433306230666237
38366266626632653636653630353832396335666530323933613130653939333236333561316135
61623665333661643137343034636463326661613132636431353566653138633236663339383463
34386264613666313030373539313562633338376133643933393738663765313964373930356465
64666537613366333938383563326631306231666334663530346639376233333536353361396136
62323532663634386130363032373665306230306264393132616530336166353734633263306465
62363039663537313764346261623930336436626233623436376630383630666436323365353837
32323839313465666433636138326466376432323434366662613134666337633039616462633262
62623832343864626662633730653139323539376466326364663064333138633431653138353435
36323061633265373261663632323331356161383230353237333233396331613536646465666231
63393336393939646464386638393266633930626137396538386165366334333863313536653564
62646661376265396639633262623538313033353035626638373066656234633364396630353334
35393161613165316533343233383238303662326435663761343562376362373038633833353930
33653335313830393662363530623132343337343931616538653231666132633164323236303862
38313361313064613436636532636664333535396532303461656431616530366163386539333438
65653434643738333633643032323736663265613030656631316138646438313362306266373130
62326463623965303961306165306265633430656339656235616364663637323336333061656131
38643930313664633663343566333739346138313165333633633338393431343630393262356130
66343638346261653263383434363065303166336337373462633466363634333865363733303466
34653339386263383738356533393239666339623433646232353062376130353962666339393930
32393339346561366563643131386233346263366266383961623633356238386439356137343336
62343462336165623735663439373733383465653633353463343132363635353839323662386265
64613032396531666133366639373836383863303364656136373535373338316531646161346131
35656133313962303332633033333430303936653362366433346431383662386566313663316132
34393562396131656162343039636562653436353266326635636539336335386238373965373838
63393632303138323263626534383931626235313061386536616438613830323935313365353736
34383163643030393934386564613531323631626234633263303833386239366163313638393130
35303338376237613633303666366231666130313030653465323865616530636436656638336237
33306434306134626535396232323039363863653935396463656233616135663766616666356662
32316432666461343134643034353439643330663039653430303231333239653936636364396264
39633230353035663466656530383338396337353231616463323937336564346365616536366364
64313636353761343863666263613033333131663235653763313536396461653331653936666336
34303533306434373339333064666435363432333836343832393764636232396239663965313661
36663934653538363236386261626530626464616235616361356334376165373962353766363335
36663839343830323961316637393064343063613738326530383633366434656630363339333262
66396637663162366363653133653631343363646434343039333464336366343433373665356637
39653836303264303363373065373033366634643064643163623836653932363861636162653835
37646337326664643335363265643531626236316563313261663165333265633532356532393836
66396563626333363932653161656535386233613166353565656430663237616663306566306266
61353735323639353232323065646565333762633164383764316663333132633637313262363538
36663832366533643636613061616163643338663430623635363538613830366639326563353335
62343238326535363062333166353239636666393034323437313534323230643236303634653639
32353463323138613361323266346132333636313662636234316437373732633461636665376639
34353530613338613031663166323764333736373431623339656236356135656333623431356364
31656530633037633866363136623531306163636365316338333263323139353932623832353562
65646538373162333535636635346364383837333632623537353234353432313264376435623039
66396330613635383666356661356462636537663663383937373535363935303064303464343139
64366234376661366134653264653338373431623764336465353737643431663137313032363761
62346334306464643638393737386661326465396536636135633030643332343731393937373431
39326462373733326230633566343165386136663764616366316132663031393539333662646363
62653835343866393365656663653735373233626131396336323239353332326637663362313839
39333161613633623164623535333235356633303334373835346435356236636465333136316333
63656265366361613563363531313231616136643763643733366239373133656265383262366630
39323062326364623065643936393264353464313064383335343864323265343635613730386234
36383131386562393432363664383633653732306232363833663766353066626462643132616333
31363131643732303834663363633133336338373030303662303137663133396466613464663365
36633834333463383733376135376137663764663137326361626233633330643833666638353961
37653333663861333961306164356634303530653662653161616565323630653630386131326461
32623533346635613963623566636330343730643262613331306238303963353337626330303964
63393534663038393033383064396139396333303339383132323830353563316234666232353230
62346237383034343034633864383235323634366632343431303634333464353636373665346165
64346134386530373034346233366536626539343131343562303938316337666536366535303835
38376163393539653131313832356666646132333435613739393335383865613161323662333461
30326265353935356161316432346331353366346130383730613461333538346634343763353436
64386434636633316332623936353530356164646639616633376163393634653832323065633432
64306538316131343962616236346137393566333833313633353031623534343162643535346239
66366364316237623035376132616435623936343561363963636334623261363264653236363731
33373839373231313738393164326637386461383139396139356435303938303738653937333739
64613839353233363437623936313331343066343665623033366464356330333562383861316263
35666438366662306334386362633239313636323430393537636664373632306233366334343565
32306662383635313232373464383133366364366564336462613935336336313036613233666366
31396638363731636238336165656238313562656131323636656538323633366436616338323833
66613161656336343737356262353562333237333961666265353936646563373363653364373063
65636132613237616233326439383337663434653565616462303937343732626634623130336232
32303738663038643032373630633436636563643731393532303866383163383239643732653731
33303366396565383062316438306436623630346436636364336562356539386261633161386432
65353362616232313232623563633537626461636262646539633738326638646531376535323966
31643238643339613938633837393337613363383135393166363663663237613862636464393035
34306161326566313333366533306638653235303066373066323333343639613062366232633265
65363133356438323763616635316132343333356433396566653938373931303731646339346630
37653737376663313137633261376330633661316666346565396336643031393061643233366466
61346132303662306163663666653264306332653962316437373633653838336164356466633433
62643366366130326364353164383461393863666539323362623566623033653436626133663331
39353634363130336539343537613435623135653866313030366231626633333063633866656238
30306564376232393965
