$ANSIBLE_VAULT;1.1;AES256
34343031633035356665353631376665383961623935636361393131333361323161653662373235
3666323063353034613830636635653936373465613830360a613633643931323564313163326138
63643939616337393362653233303961306266616132363531613261633765313961643131643766
6565626163366136340a333839303761346239323066356438336433616561376466663562663637
35663362316536303036383765383931343932386238396134326533373764373031653034663061
31336135333738313863396365303238306537633066326435613861343163386564633739383935
65633135643836343261636533636161343262353261643637643763613132643765666664356439
61336537363335346338616133313566663566646133303939633835353435346533636337393865
33623731313466326436636430666365333238333666613531303564346463626337663134393562
32323764376662333864383566353466366532666232636562393936323234333732656665323363
64376139653931356666386430656539323361306637313464313537643965636461396362636335
34306436353631623239623135656331343335396139353665393065303031343663333166633936
37616632633635383339636131333862333637666631616662626431346631323633656566376262
61666161626161343666353463333231623134303336653038666331356334343831626333313834
37646431363433636161386235343165363962623761653333633136343932343263626236613038
66346632373763386630313535613337663762636138316530343032656237623262626361363530
35646535363062613661656335303734383139386339313364373364326430366631383061656431
61306138393337323434383763356238363235313938326138373264346464373837393537393866
39313237653363343736643863613261333865336235656631323166376536616531666666396631
62613836343936363665306366356631306432323038613537613366393364303438383933383663
37336237393633383763383933663333626533663331316538383338336464653239396630303462
30363563343634303962306161653537383464663939643836613366373862326539366334396334
65356362626133373362313263653262646334663436346330386537663737333434393630613237
30393663373863616635346239306665363032306537643138363130343935623363656538363437
33383836646265643463636238343832326363663764393633303766383337323264396166393362
36653134353133303838316631393237636533616538313730623834333231363139343565323463
63353339353137656234333261386265636365323866633561353036366464383431626339306136
61386439353061353337
