$ANSIBLE_VAULT;1.1;AES256
35313732373932643334356134356438313730376563643638653235373566363866666333316630
3264393331346632616566396463333331613033386561300a346436643537653363373331343531
37306239663433353663666333396135613330306566316132306364383662633665373065343037
3537336463393536310a313864303038636333633737626263366638336539383334356133373437
36626463343864643836316563306133663864616562313533383165646333393265336462366630
37303638646133623566323263663437313364633337303431383966353739386133653237663163
37666162643162383832373239316465666230656364383265363863333865343136383839643639
64613139323739336363623034643439346636646263623333383066363439376237353864363530
39663431333461353561383064366164396531313737663330323363353066393963366564373761
37366661386335633439306330643564666636336431343335386365653133616239386239303466
39626334323039623030313336353931613731643732633665623462313162633539663465643531
64623461613563393730626534343530386339336361613433313530323334666634613832383536
64396163363165393434666238396336653437383363303363323136633730353537323364643333
35346131363434353738653138356463623036616266353731373865306130356363363535306136
34633062323736643839326566353631636463663164306431386134366335323539623033666336
30303539353638646637366131643231366163383734303861356262353662663262313030303635
32346462333434373030353839346638383833643131616161646130663933386639313739383133
38326564613235313334623237393039393338306663386536323166633664636137393831303732
35326362323563393362633637636561663632636431613437636561376436323062643965323838
33373436653062333937616361353237366166323338393365326435346666383636383534306165
36663565346365373966616130313438306235356331373432376561393264353736376163643065
63383862346335653762373830393466633136363737663335396334653362636463373337356361
31323364656562653664333166343639633862646261306339343634336131393239393536383664
32633166393230353466386634353935646332653339326432336236323035363666323130323066
65653264616133326339336637383437663335333665626163626632663561336264366334383162
30396464393935393631363261653662386431623835333066363765643837633839303464636639
36336336383130333765326466323330653561373765663163363137616435633432613262386639
35383034663565343536396330616237373036343030346535326134643838356533336338396339
38393432366631363836613338613330326164346537393933373337353362343332313862303562
62643231333962313237323836383831623932323636656336363961646133323564356338386163
65316633353133643764353539366530643762663032303334383530386531353335333963633330
35373264366162653864323663393137626462616133383965633435613465653933653732623162
39666236623065326366633737346630373762663931393463363730366439383434623537323130
38633664346431336331386334653135343566306533373461613335653439393232626139376333
64346235373663383539386630663539326631373830353863633933366135343934303564346262
33656432383832663661306437653766373664636264356532333936643339633831386161353863
36643636313564663865666166313163313461346133383766623935366265386134333132316366
36316235356331323533653234646137303831626431356335356435643337323134396461666637
39333730313837643239643638333935643138356164633363353466353934663431303537393866
38623932656233313536623231333166653338633362353664356535656230303434383763343063
32363735663233643036333765383930393934343635626163353363376362663838303439386635
37373461383436376438386137336264623830333834396463663862623063316132643365646363
62653430656264383461646537653466386331376663613031363661333466366634343035343731
65356136383937353362663939316364363434373961336464393235336435363566346533386437
38333633663039383430353264636336666663326261303730363337373631663032363664303738
61636333353139353639313264343234393831363434353437663166396638346361333436316538
66363930353031366262336630346138386464366462323964376161386237383736643132323739
63333564396232636337343338656436376231636163616634376539316361343933313734346366
62656236333665336331343730393563323134303734323165366232383763313530356265366337
38373736303939656138323633373762393235616466646638376138313836373663613930633934
66353631366139376339643766313062383732383839616161396633396161343637663236393566
36376632633337343165383931333566323537373161636232393034643539363764663332613635
32666266333039646331653862666435353236356638626165636531663261333065626534383131
61363535323536333534326535623537383761646563373531376330303730366433323439393263
32356665373063656331363561396664646266306234306233336263356138353237643961663461
31643961303535323065356534383731336138396465646130663462353339623361313364643135
39313865623436343035663034323763303538323563663837346266343230393331343066323837
61303337353166376364326561663962653165306438343764363863653939323763346663353032
37336636316565356333323939666635656535366136386338643332356633643437386165303338
39306530363763333039663561396537626361376234336362333562346638326566306437613833
33383066306666623037326239646234636232663362616463663737396565646662613731633361
36373330653637313034383161613766393032643165353530626265666266383530326232326561
65653032303336333963353731313933356564363736613330326466643036396236343765366235
30303663346438303266383232316437346531643261613737336637316463363263393336613035
35646436636338373731616464386434636530343736303435396136323366626334333138303635
30393161313464646632383832343330656635383763663865636439313635386261616164643736
37653866643031346235623136663938303639666666653930316635373334303939343233666234
64383763663539383037336532636131633530363735326239316239646233623038383462366132
66623530383063326332313163356130316264313063366663623839613435396332376235356266
37376132666334336233366364363661653036316562313365376332633330306332643930326561
31633931376632636232643734333031663537633063316430623062643838363064623733383039
62656364333138386639346139346661343264393530343637626330333732656534356138613764
32343231346131636163643361363762306233646663306235323131633536646361353234396366
62633761306230343637326462313235356165383834663062313138323131306639633637613063
34323765363336636136633235313264333766343661626139386337623561363265613361666664
66653635666665616630323465376135666662336537663139303438353762643937303362663833
63376436666166313163666136316464663431353936363631633561656534343462353731356636
30303065323032333032323833616531663363393832373162326636663938626238613532326163
38663038646162356562363463623937333734326231326432306132386166376261363839666662
66313933646661333062336464363334623337663665653132363739633932623266373533666564
32383739613739396236313936386133333163633035346339623637346666363965333863343665
61313337363735393561623735636435643366646464333339643263373736363264306265393634
61646634623234633563656464353536653664326337393130633664643836303065313739343330
64373435623631313730303734303838333235313434373263353836613331306236333431623830
37336435663863633861333561346664363064336133613463363339333363373764613936313131
30326639383561373835376163323332643337306330323535383534336164313065393166376262
61306336343837313537636332393831626535646235346662646433326230386137323431656433
63613430393335616637323236363638353338633361356465373465323463366436363635613330
63333137663366343636343133353733623635306361353562383263343339393563393062626537
30393432323463633230353937633062303235626363303963366138393861366564363038313662
37643532666433376139383238366132306431626562626235666438393266346238333866336562
33616433326131633339643831306661323064326164303662626636366235663462393630646538
35343464323039653663396138613832383062383139306362333636353065366236306466336130
39353930336461303831386230306435616164306531653438336533326230666663373065366438
66656230386337313834326665306462313934653736313638383534643531313237653363363839
38633039613534363362383438366630376362663366646333366432306261366462666664316437
30356336323230323639666631333933386235663438336334316565626637363232663564303464
38326466313562316331636233306664336664336233663161633931396530333333323635313762
36326139636135366434643536393032626364666636326663303833613866653463323032653135
63633338383662393339383430336235313533366136313735386263373833623563636338653131
65386466396333613664666239363234663866386139633966633863663036343338643363643336
32323063376334656664663161386438363138313431616233663830613239373665616565343866
39356535663836656261616239323530393139376566346133393334383737313761316164616534
32363635363039376238316334363935366636616532306466636663363063363665663333376664
63653034383234366335386565373437386334333965303461376463383663643362613666626137
61653335383836663237623331303730306135343263346263316537376334383031643037323637
37663566623937653232366132306632626662376361303135383936343463353365306562386634
64366563653361333236393035356330303831333237383566363931363065626536383764623234
65623235613330663566333532303361616363303837626233396431613164613464396166333032
33343037613930336366353430633339313961316566343836366637323061653764383232313637
30393363323361383739663738356338623261623033383062636361616431633435376534343935
31636261656562666636393731653630326561356631396532626137333365336362666137346538
65396663643262616435653937366165383331626139626538626136343033393031643162323239
31623438333039646365386136396263653736643264353730303033356665316136663033613465
37356561643661333963633733663030383931636634663532666266623237323734303261396262
36363863613035353334616262643630626166393031386461353831653964666262633932383834
35643937663734646261616261663335356437643135303332346162303631646334666563303737
64633330353862333732333466333535656435313736313031346232663965343331643631373338
31633138653537373761383565356432613939636239343232316332653734323537386636646261
62633135306566313032363865636232666661353933646561316233373833646664656334356331
31316563623339336163343764376137383661643133643765303861386333623561636362633436
61623266346236663337396535303139656331643664636634316661666636636137323266333233
33376666646166633862313864393237643733383066666533313331326335306234336539366230
31326238636437623162373430306565626161356630346237373761636134363363613935343033
39383835313535313161303933313139636362346166343432626162336437313230666239333433
39373538633233653832386666363439623331343335613737393663356331376138323161346631
39336138393935616635613061656334366335626164353039316661646636353538616639666136
62373039353666386536336538303466373530376530353336336631613864613365383630383236
64376133626239336262663434643761343364373535353839656236363965363635373662323635
36306231356261393466616530353237353736346363356334623866366136333030623936613939
39376530646538663463653666653134643363333536303836383139333338346262353232376438
38613437353736366436633035326137343930656533373665346462363761313663336166653236
36323138623666323837643337383933323064323662306463653366623730316565303235623562
30636161333565653138353362353265323831386636313363356465633234376461383164663938
31303530663364333830363137363562326463613336383735393466643963656537373232306363
32616663373930383933636337646234336133336535353565653830346238383231653263313864
6635
